%YAML:1.0
objOrigHist: !!opencv-matrix
   rows: 32
   cols: 1
   dt: f
   data: [ 1.17494602e+01, 3.48812103e+00, 2.01943851e+00,
       2.01943851e+00, 2.57019448e+00, 1.28509724e+00, 4.22246218e+00,
       1.54211664e+01, 8.75701981e+01, 255., 1.74406052e+01, 0., 0., 0.,
       0., 0., 0., 0., 0., 0., 0., 0., 0., 0., 0., 0., 0., 0., 0., 0.,
       0., 2.68034554e+01 ]
vmin: 0
vmax: 256
smin: 30
smax: 256
diffMode: 0
similarityThreshold: 5.0000000745058060e-02
backProjThreshold: 3.0000001192092896e-01
binaryBackProjection: 0
hsize: 32
hranges: [ 0., 180. ]
searchRatio: 1.
minArea: 100
maxArea: 2073600
