%YAML:1.0
objOrigHist: !!opencv-matrix
   rows: 32
   cols: 1
   dt: f
   data: [ 0., 4.78345990e-01, 2.60594578e+01, 2.12344025e+02, 255.,
       1.48016891e+02, 6.05627594e+01, 9.56691980e-01, 0., 0., 0., 0.,
       0., 0., 0., 0., 0., 0., 0., 0., 0., 0., 0., 0., 0., 0., 0., 0.,
       0., 0., 0., 0. ]
vmin: 50
vmax: 256
smin: 50
smax: 256
diffMode: 0
similarityThreshold: 5.0000000745058060e-02
backProjThreshold: 3.0000001192092896e-01
binaryBackProjection: 0
hsize: 32
hranges: [ 0., 180. ]
searchRatio: 1.
minArea: 100
maxArea: 2073600
