%YAML:1.0
objOrigHist: !!opencv-matrix
   rows: 32
   cols: 1
   dt: f
   data: [ 2.78660736e+01, 7.66242170e+00, 3.74141693e+00,
       4.57949400e+00, 2.70878577e+00, 1.87070847e+00, 4.90873909e+00,
       2.56511536e+01, 255., 9.55557861e+01, 5.04342985e+00,
       3.14279020e-01, 0., 0., 0., 0., 0., 0., 0., 0., 0., 0., 0., 0.,
       0., 0., 0., 0., 0., 1.49656674e-02, 1.04759669e+00,
       5.16315508e+00 ]
vmin: 30
vmax: 256
smin: 190
smax: 256
diffMode: 0
similarityThreshold: 5.0000000745058060e-02
backProjThreshold: 3.0000001192092896e-01
binaryBackProjection: 0
hsize: 32
hranges: [ 0., 180. ]
searchRatio: 1.
minArea: 100
maxArea: 2073600
