%YAML:1.0
objOrigHist: !!opencv-matrix
   rows: 32
   cols: 1
   dt: f
   data: [ 1.66764984e+01, 2.61016617e+01, 2.44327044e+00,
       3.73030353e+00, 255., 1.63599720e+01, 1.00451374e+00,
       1.98810011e-01, 1.04636848e-02, 0., 0., 0., 0., 7.84776360e-03,
       1.04636848e-02, 1.56955272e-02, 9.15572420e-02, 2.98215032e-01,
       4.25610399e+00, 1.56955272e-02, 1.30796060e-02, 0.,
       5.23184240e-03, 2.61592120e-03, 5.23184240e-03, 0., 0.,
       2.61592120e-03, 2.61592120e-03, 7.84776360e-03, 5.23184240e-03,
       2.09273696e-02 ]
vmin: 0
vmax: 256
smin: 0
smax: 256
diffMode: 0
similarityThreshold: 5.0000000745058060e-02
backProjThreshold: 3.0000001192092896e-01
binaryBackProjection: 0
hsize: 32
hranges: [ 0., 180. ]
searchRatio: 1.
minArea: 100
maxArea: 2073600
